10
50
67 16 77 71 56 78 60 93 100 29 78 1 82 42 21 75 9 39 68 42 85 26 95 44 72 52 7 83 1 54 60 43 32 8 80 19 68 87 27 61 98 73 14 4 73 75 62 44 54 82
91
91 88 97 71 79 21 49 19 40 4 95 39 5 95 39 62 60 56 49 15 6 41 1 27 95 35 59 32 33 77 81 80 53 95 67 81 80 69 74 59 74 19 100 93 98 75 12 18 84 71 65 52 31 53 100 57 58 65 70 68 9 28 36 6 77 55 52 3 45 78 86 81 94 16 88 38 53 87 90 11 65 56 22 4 29 20 55 75 25 16 5
97
52 69 97 84 47 11 26 27 27 4 2 78 17 2 62 1 28 89 17 62 85 75 5 15 45 87 71 91 69 42 42 49 31 60 94 61 80 16 82 31 9 57 63 46 37 4 21 27 78 85 20 49 97 26 66 57 99 40 22 5 92 95 72 36 29 16 24 74 46 31 71 1 63 82 14 9 63 11 87 67 76 51 23 19 7 28 46 32 51 23 67 62 5 5 83 87 57
63
55 51 50 18 63 24 48 14 7 16 46 9 47 44 40 46 1 78 83 58 87 57 41 7 16 31 9 86 88 4 10 40 8 29 8 35 66 60 24 91 71 21 50 81 14 97 42 99 44 55 80 73 16 23 31 50 42 88 37 53 99 79 17
74
53 60 79 71 34 39 81 36 83 79 18 52 8 4 12 5 25 96 91 93 69 40 90 64 51 77 48 61 28 14 1 78 80 84 6 27 46 47 81 23 94 5 37 95 53 11 6 58 91 80 92 61 55 32 29 22 56 29 55 37 92 68 21 1 34 32 36 59 4 83 42 57 7 35
67
100 97 5 88 65 65 41 15 26 63 80 84 70 23 13 100 78 58 82 18 91 72 44 83 32 97 6 34 98 77 48 42 58 5 49 2 71 77 51 81 74 49 34 40 55 23 53 37 94 95 73 12 40 70 44 28 39 76 37 66 38 95 70 27 73 8 12
95
60 81 80 54 68 55 19 35 54 25 7 88 99 40 6 96 55 40 65 21 49 95 5 45 3 86 99 86 4 38 31 14 86 64 51 1 52 36 17 47 37 77 59 48 65 58 71 70 70 77 44 96 41 35 45 12 15 39 27 95 16 2 92 44 83 25 17 9 77 98 52 61 61 2 80 100 80 72 95 76 6 95 82 56 90 28 57 52 5 68 61 10 60 66 56
70
55 12 75 55 62 24 91 27 69 8 62 27 80 60 4 29 31 14 57 34 59 2 58 64 49 42 42 42 28 41 42 44 66 46 38 28 32 31 33 90 94 51 92 30 77 88 51 98 47 13 28 100 86 69 62 12 33 70 59 34 69 21 57 39 47 86 81 49 45 93
12
84 80 25 70 30 71 22 68 51 32 39 92
10
78 83 83 77 98 75 94 71 30 76
