10
79
7556 3214 5401 5756 6551 7697 5692 3747 3362 3826 2531 4817 4397 2189 2448 3811 3664 8909 5793 5970 4597 695 5855 6694 8543 2443 6188 5519 550 8997 4103 9111 6685 5344 7966 2975 230 4201 9715 3446 9345 4274 7715 2511 5561 2004 1747 9674 6735 221 7121 9233 6423 8667 4136 6194 3165 9698 2370 9752 2036 9414 3766 8130 666 8713 1261 5411 1947 2492 2411 4262 5696 316 6837 3288 1189 7755 7292
77
7026 9719 861 3099 8062 1062 4540 7851 455 4999 4053 2118 1910 1842 3670 235 923 5734 2131 9456 8373 3927 8438 8932 4901 7921 294 3913 7305 837 4251 7703 48 7116 8363 4248 7008 2913 4353 7800 2399 3257 7859 4395 1155 1264 7329 7788 6272 4175 173 4623 523 1015 2119 982 7339 3435 3749 5331 6359 7644 5389 8868 148 9721 1249 2237 7161 7008 9776 9291 3218 8439 3831 464 377
32
3217 889 2472 8254 6317 9178 7695 5894 2909 9636 9478 8031 1107 6956 9641 5695 7557 3666 6665 2241 7755 732 9138 9992 1484 8340 3995 9957 6751 6458 773 8475
32
1360 7467 7389 3641 2049 9796 4621 3106 5623 3313 23 7724 9511 1313 641 2924 7278 7804 5354 9017 9304 9253 4438 1611 9174 9632 214 1631 8664 4150 6959 963
15
5515 58 9935 2900 4433 2088 6338 18 9639 6799 5208 903 319 5669 7462
68
5296 7664 542 4311 3468 58 6355 8705 1049 6879 6603 9597 9375 7435 8547 6383 5163 595 2727 3454 145 3499 9939 1007 5613 5527 4945 5605 1866 532 3794 6349 4980 3308 5013 5775 2289 7885 4726 3414 8928 9254 21 752 3740 2646 6719 7243 6316 5709 5941 430 3399 6485 5908 1666 5895 6773 8245 1757 3780 8168 7309 3004 8401 7148 5366 5978
34
4806 2936 8501 9412 8916 9854 7931 6096 2668 1788 2748 5944 6516 2701 983 6813 1303 1091 5664 8804 2555 3827 1590 557 1033 3140 9419 8629 2412 6794 5657 6201 4203 9054
57
6158 7204 1387 1869 417 8413 3815 2633 1824 6658 2238 749 2067 7634 4349 9575 596 3977 3767 8019 3171 1556 5375 5686 3831 3387 6311 3163 513 6609 4390 5924 2400 6924 3189 7421 4475 8653 3790 8822 9854 8661 306 2394 5798 7066 8230 909 4251 2994 8571 1536 1228 3752 9301 5798 4992
93
1785 2082 8466 1250 4993 7683 5968 8548 6288 1501 10000 1447 3837 6617 653 2608 1053 3484 9967 1779 7072 8226 8266 5512 8568 3621 2851 4796 4955 6800 14 2889 2979 8141 5263 5113 7286 6771 3912 3551 505 5985 3444 3172 7254 1663 182 2252 8684 5783 4454 2924 5049 6239 3058 7471 8171 8302 9501 573 1267 3799 4142 3843 5240 1572 3551 677 3597 7718 5143 5697 9272 3365 6995 5501 1331 7219 5891 3234 1743 3827 5949 9913 1381 7565 5495 7577 1364 8779 5334 5271 5262
78
8770 1724 5956 6491 8110 8825 1259 6319 1951 9216 6890 7490 4221 4220 8309 8568 3266 5189 3479 2922 536 567 1894 5536 1843 1299 3531 4423 5862 6519 1971 7372 2519 2497 6106 2932 567 1374 701 9875 3126 1309 3071 3641 3866 3710 8402 4963 6896 7306 5059 8799 3411 6306 2851 6794 6583 6638 4692 7556 3638 7133 7384 9509 5342 9770 4415 919 6112 4673 7520 235 8598 4535 400 5735 6515 3402
