100
88
886 671 132 411 274 5 589 308 326 620 781 318 202 767 524 318 530 339 941 708 236 824 717 19 763 16 518 992 166 204 264 902 250 752 454 368 297 799 815 142 905 376 398 680 432 650 174 951 952 89 868 980 676 193 521 272 26 699 934 213 811 361 985 40 872 696 37 779 128 432 631 856 403 748 744 26 657 165 12 600 559 576 414 677 630 627 53 10
55
553 574 552 235 97 659 408 638 307 293 527 872 942 692 355 590 25 243 658 169 649 392 393 607 109 854 361 654 999 165 667 228 27 269 993 210 28 272 627 634 758 932 257 820 240 566 404 300 424 845 636 872 244 887 924
99
502 985 397 193 974 9 91 573 344 614 925 311 535 663 309 830 42 273 651 647 828 481 354 821 628 48 470 390 40 604 690 920 186 270 411 320 390 413 979 255 989 506 197 279 772 401 80 985 611 509 126 771 295 889 661 241 825 887 697 617 513 126 704 716 322 208 524 613 776 958 993 704 361 214 767 185 631 343 441 539 268 139 431 554 137 786 582 125 608 771 714 774 91 412 269 714 415 736 419
32
966 746 293 667 449 307 504 92 696 359 676 380 203 654 775 630 8 356 72 22 834 613 265 975 538 84 483 888 849 777 11 852
74
221 965 459 387 908 821 391 6 627 993 51 123 846 975 205 168 120 630 30 437 168 874 17 48 282 589 140 535 687 770 693 497 965 223 686 730 863 7 393 661 290 22 566 459 889 560 797 478 350 557 810 894 237 488 943 923 991 65 158 884 561 526 505 486 116 141 273 919 645 862 977 695 549 348
63
177 660 441 357 916 104 430 232 894 136 437 767 308 244 601 832 354 264 396 438 417 407 509 772 473 382 331 79 299 384 54 447 734 381 855 584 513 877 267 493 289 926 168 25 793 179 596 64 181 675 902 556 165 449 291 165 929 351 536 851 202 995 463
100
791 647 843 654 421 203 736 938 586 287 50 195 674 24 964 443 903 692 950 157 919 871 189 669 634 401 610 897 200 777 877 492 2 294 259 878 36 545 623 314 367 823 53 5 999 791 466 941 281 416 572 289 336 613 542 657 476 260 47 412 521 913 29 842 56 576 384 697 180 361 614 49 521 137 714 858 257 612 311 15 796 648 152 744 999 629 269 652 319 950 647 11 489 410 916 230 936 886 422 912
95
847 540 428 93 631 29 850 292 459 544 689 525 543 732 51 566 81 249 447 601 147 407 189 811 262 535 765 863 932 70 231 149 391 436 662 895 698 775 970 39 321 974 564 439 496 741 449 343 85 672 992 241 928 476 859 880 402 203 571 848 176 310 695 222 526 436 273 811 508 330 766 649 822 722 682 629 398 23 950 675 476 821 244 851 676 427 770 833 629 302 793 785 10 870 426
65
640 767 748 301 743 23 975 764 907 352 878 891 722 103 120 382 826 289 474 696 286 878 380 78 956 536 610 479 140 119 686 297 729 644 137 652 850 142 539 21 866 726 550 160 710 585 497 63 687 816 296 323 564 382 844 680 75 871 129 270 742 276 643 512 767
72
398 902 777 766 792 894 488 585 393 850 229 425 1 759 17 157 659 198 802 368 452 504 34 213 670 888 466 843 479 320 245 845 915 618 896 816 186 621 521 261 295 214 7 429 292 737 766 153 134 890 257 85 650 377 642 695 297 103 886 651 427 516 352 226 796 71 758 711 209 515 88 88
72
510 656 9 681 516 488 249 65 852 589 240 606 10 293 418 63 995 249 443 170 378 228 319 342 697 448 907 342 283 843 780 641 224 977 985 919 758 642 696 396 234 724 710 793 651 808 541 501 906 595 985 759 984 346 859 197 347 599 151 156 834 592 853 365 968 167 642 695 624 620 736 786
77
889 779 222 509 113 141 278 950 566 233 973 777 995 655 60 332 389 279 316 551 354 554 465 629 255 394 754 856 751 398 16 220 657 344 109 771 263 86 375 591 800 819 597 913 455 45 3 46 174 678 834 720 172 808 508 266 127 370 347 319 729 348 25 86 963 957 758 555 437 790 307 767 588 774 844 827 516
100
545 26 748 872 895 429 83 788 736 668 721 663 786 438 481 460 353 477 505 125 536 323 858 712 2 27 377 708 464 860 94 124 868 518 790 470 633 610 740 586 964 921 96 861 315 146 979 847 392 627 370 340 902 346 616 722 97 225 752 449 155 638 913 43 151 1 932 767 180 103 187 878 398 161 282 217 711 782 621 599 441 251 93 159 384 649 300 698 613 929 744 855 39 971 841 184 800 727 416 465
78
902 683 788 451 895 266 218 54 54 281 326 72 578 550 599 505 149 11 141 495 684 421 328 896 271 95 732 101 369 913 536 975 657 93 631 573 571 250 734 861 744 560 962 691 747 874 520 861 84 789 865 964 630 648 405 783 716 536 738 717 482 597 28 883 496 981 704 854 667 856 83 65 648 120 543 681 849 370
91
394 414 858 894 564 347 104 701 95 617 609 828 863 207 753 688 64 518 943 459 424 925 985 51 40 891 783 246 85 9 17 398 422 714 958 724 723 184 802 710 293 913 762 349 388 346 101 623 278 103 376 100 277 418 728 384 64 261 996 114 650 925 411 89 24 628 81 979 800 17 352 981 913 1000 714 460 80 946 895 61 146 386 357 834 771 563 579 444 889 74 831
35
194 560 638 669 905 529 80 41 574 29 586 301 3 884 808 426 40 583 199 397 791 752 563 781 582 972 536 281 29 337 771 430 450 142 727
56
844 654 146 917 97 242 286 183 867 50 859 754 552 634 127 571 947 880 170 512 186 5 394 995 142 347 754 73 319 497 604 284 485 967 628 219 856 215 115 994 373 185 916 62 116 187 921 864 460 584 775 998 699 410 39 457
10
9 447 979 476 272 651 994 733 406 586
35
687 67 290 220 895 283 767 751 858 353 384 565 248 340 987 578 141 603 681 163 403 2 476 998 293 602 871 221 57 320 674 498 972 283 113
83
124 161 209 254 407 423 704 415 479 573 780 736 724 673 647 890 683 212 561 295 65 644 164 457 174 946 297 870 54 655 999 955 153 371 739 509 970 959 494 977 571 928 233 695 876 971 771 924 303 889 22 573 687 523 260 801 950 690 676 988 734 747 804 152 45 952 760 64 740 921 283 537 725 982 934 705 304 57 109 887 676 52 649
11
550 194 644 911 367 716 407 716 842 167 122
92
67 665 480 413 837 622 481 415 380 88 189 69 332 653 956 20 287 684 510 223 20 724 960 386 515 599 136 947 856 946 546 923 813 955 541 50 846 617 918 249 740 144 385 200 421 150 613 141 526 266 674 808 723 194 411 266 234 365 117 417 129 945 376 476 469 488 703 934 241 444 883 276 108 758 579 508 330 675 679 656 118 942 423 681 34 805 48 403 628 160 127 360
40
957 805 165 975 23 481 323 569 589 157 104 5 43 710 392 524 885 431 107 556 402 366 290 737 535 861 373 906 895 352 554 56 443 267 744 324 799 516 186 911
5
568 505 748 911 819
97
644 473 697 307 586 182 901 368 582 980 7 50 566 600 194 462 844 897 104 942 995 557 49 240 681 182 978 611 331 305 970 671 946 892 943 858 369 431 599 424 984 263 155 623 899 559 332 881 199 536 794 252 118 592 638 53 466 943 864 145 1 724 685 32 604 640 610 106 356 705 788 676 834 618 389 317 603 721 129 606 577 100 320 355 714 105 81 11 551 248 925 927 196 897 488 445 343
39
867 257 866 306 809 13 100 48 135 751 52 901 384 900 137 334 468 681 308 366 857 187 55 771 295 358 666 749 17 282 965 28 939 446 865 885 635 197 355
7
972 60 653 705 4 29 50
24
610 966 549 10 552 422 962 818 349 176 683 429 661 277 47 150 451 182 570 986 137 887 760 664
96
63 51 475 518 781 919 665 831 782 274 190 350 458 958 327 425 631 64 812 149 112 292 212 919 535 929 901 455 116 602 398 59 839 761 312 220 419 937 343 634 365 980 532 980 548 664 964 250 430 721 11 430 823 898 393 824 715 739 588 109 727 105 861 456 822 445 456 6 675 162 646 382 122 975 29 926 848 520 345 175 627 384 536 824 683 779 362 333 277 779 678 91 459 148 630 890
52
733 159 804 653 655 722 407 899 533 698 963 274 309 752 917 907 440 621 37 821 774 563 567 977 389 696 412 362 333 584 478 260 732 744 442 215 375 435 926 117 403 988 798 784 736 419 550 214 606 6 961 775
54
302 644 662 747 441 632 87 222 73 285 196 282 274 489 633 114 852 83 937 527 839 364 572 985 737 166 289 680 336 919 199 402 47 609 884 8 907 136 251 175 810 99 216 689 341 719 120 152 203 566 412 120 722 479
96
187 877 234 793 349 677 386 661 88 474 525 510 705 813 657 23 167 136 454 751 645 605 626 177 451 392 805 982 410 116 952 653 504 993 975 699 464 469 300 603 68 191 430 591 876 263 856 732 668 574 851 285 724 521 715 148 610 947 458 564 854 563 270 824 563 802 552 651 938 5 231 288 779 21 587 942 330 897 815 235 99 673 529 351 751 125 906 347 958 209 547 350 197 482 791 493
27
882 638 618 269 781 66 338 478 665 381 784 371 102 819 763 709 860 677 389 63 751 213 700 690 356 762 48
53
42 698 454 255 275 136 349 830 364 203 24 59 251 61 981 870 889 926 966 576 383 884 746 346 432 386 289 434 786 691 712 200 813 887 504 374 411 102 630 739 996 588 192 179 344 730 124 458 385 739 472 308 266
38
940 379 603 574 686 437 249 403 71 695 279 602 591 563 436 272 719 827 697 646 903 697 184 815 137 665 419 832 387 842 229 811 394 65 224 9 220 182
48
606 88 67 464 353 589 393 940 742 754 636 188 25 207 772 479 854 4 370 635 673 308 453 475 848 768 468 382 951 375 215 702 341 870 536 662 251 875 743 760 109 67 729 287 889 650 183 685
47
103 762 347 630 900 932 972 223 636 234 498 844 826 915 1000 837 186 91 5 24 828 885 915 693 49 955 41 551 959 724 366 30 302 136 820 556 564 278 708 862 371 856 4 825 239 560 407
88
340 629 738 929 408 920 581 910 389 236 433 944 728 104 202 64 921 839 73 674 65 78 855 399 159 818 651 551 441 969 964 375 976 508 422 675 778 868 116 589 524 683 124 353 397 541 999 236 170 284 662 332 813 172 989 550 23 9 948 479 52 483 430 799 16 130 57 802 810 23 941 903 1000 954 860 361 909 58 965 8 616 530 26 561 394 335 237 381
89
43 658 596 725 942 278 196 914 23 643 716 33 141 106 266 939 527 443 591 173 835 285 914 865 10 409 811 383 881 272 384 499 663 716 27 690 126 448 903 872 983 88 396 258 860 705 338 938 149 144 823 830 782 156 147 125 875 986 256 430 664 641 318 908 620 169 546 399 167 78 757 891 902 570 398 15 388 835 303 336 341 740 590 331 159 170 890 655 529
4
27 906 752 337
60
207 243 857 48 736 405 228 907 913 312 752 461 659 265 756 237 221 377 439 946 944 839 313 184 155 302 374 536 694 630 502 729 855 452 25 55 348 237 763 26 891 626 953 992 446 489 245 245 795 299 93 8 403 792 967 461 962 590 62 82
29
900 793 563 581 839 408 743 747 465 713 108 294 995 645 24 277 768 509 559 660 280 117 647 893 635 125 217 230 922
60
139 688 224 345 672 694 891 706 740 156 3 918 138 603 943 682 645 833 383 951 262 217 234 71 203 365 514 712 970 717 283 991 146 468 859 938 656 916 889 440 656 790 909 362 499 924 186 16 618 721 357 48 338 993 223 369 763 842 440 423
35
910 666 485 656 359 130 760 176 772 892 571 939 883 228 140 310 154 181 195 562 813 407 687 799 337 82 495 171 654 47 897 198 677 587 688
25
759 972 454 991 285 830 798 699 155 548 280 249 654 646 830 640 815 496 41 858 246 495 656 678 115
8
465 316 315 759 263 448 609 757
16
174 608 280 635 445 286 202 726 601 139 912 60 448 183 986 298
39
389 132 580 700 450 866 151 292 977 890 410 84 359 669 605 924 567 938 981 624 337 955 912 559 5 795 650 658 234 874 652 877 27 672 321 879 45 503 88
69
639 28 582 874 148 859 450 842 636 13 39 245 206 773 824 581 586 653 286 119 523 77 248 414 77 863 690 119 971 332 199 973 289 329 7 141 538 762 964 137 259 524 551 90 16 728 1000 884 366 556 761 249 570 527 678 568 747 842 230 933 534 482 134 973 420 914 878 580 392
88
183 550 485 304 632 390 247 373 131 382 709 792 565 277 987 326 804 531 940 65 54 192 313 241 294 101 931 909 733 785 45 228 797 927 143 590 594 524 428 286 657 495 550 776 190 259 328 733 117 436 782 479 972 337 382 853 279 682 131 840 214 120 674 801 337 247 35 411 768 975 767 404 161 253 493 331 964 174 782 240 104 999 687 556 598 595 55 673
72
196 781 768 215 378 818 157 994 303 824 195 159 871 965 489 22 354 994 598 210 34 144 552 790 657 323 408 94 59 125 191 499 173 895 221 383 433 425 173 197 431 432 720 794 229 88 326 913 909 694 972 661 650 872 90 128 72 5 49 542 251 169 97 676 916 563 107 464 376 979 766 558
86
672 585 332 786 290 278 865 867 942 408 770 8 715 811 626 50 237 59 319 852 366 612 372 285 4 624 397 534 13 714 153 317 374 460 974 62 406 824 822 196 886 582 648 360 586 853 623 671 424 278 82 974 95 579 972 417 961 109 677 926 796 160 561 344 565 395 119 143 873 46 470 96 130 881 798 275 946 890 133 245 811 697 447 645 139 58
52
322 915 894 769 409 349 439 878 732 613 43 70 511 523 56 530 234 957 653 843 579 768 241 609 228 884 757 814 808 928 275 960 531 677 812 211 195 472 22 863 132 589 434 399 857 308 275 393 161 778 80 724
99
343 768 464 773 363 586 710 293 821 639 82 321 811 6 898 168 205 788 691 234 602 417 173 188 204 222 979 789 351 920 364 901 810 383 634 888 965 158 936 714 783 365 616 148 285 406 766 678 825 210 827 624 635 870 473 588 992 980 314 837 272 558 973 778 552 685 528 977 799 398 653 121 404 915 665 355 310 185 362 865 27 382 392 945 839 858 693 829 134 767 407 330 964 34 910 31 187 803 646
26
937 546 389 51 889 840 872 406 945 671 790 111 195 770 746 915 331 461 904 586 53 506 373 192 463 180
13
870 619 200 151 460 986 763 799 879 411 861 513 160
22
294 545 804 390 540 640 743 228 875 196 864 855 77 440 639 512 909 698 975 254 15 121
97
421 860 434 189 232 758 351 260 755 163 241 788 325 525 26 315 866 488 835 757 202 702 419 482 831 924 355 123 577 723 687 813 789 210 954 643 435 592 549 841 33 195 111 354 144 191 436 492 706 240 147 16 823 858 480 719 435 636 246 358 247 767 709 484 315 584 332 660 727 766 829 54 197 748 946 753 938 815 264 136 777 325 609 641 359 188 313 909 192 796 765 650 961 940 59 408 70
30
897 859 893 201 96 469 527 205 519 14 193 580 761 9 182 239 776 607 411 124 118 665 918 698 914 616 184 54 460 550
20
459 119 866 628 255 786 526 603 799 656 843 554 575 1000 184 608 844 356 369 289
80
801 163 838 689 506 341 226 630 54 758 644 412 395 416 455 663 431 370 177 43 491 854 952 656 885 565 171 897 354 134 85 574 103 844 976 632 408 707 198 878 843 921 630 564 458 840 635 375 763 963 37 685 190 244 510 959 459 315 655 680 253 414 706 717 313 502 213 89 776 948 204 8 234 732 845 798 294 733 722 239
27
358 980 504 748 840 994 70 955 390 758 100 443 557 473 129 966 158 423 188 980 617 72 61 892 535 639 824
52
597 449 818 932 393 232 273 933 171 517 344 594 731 315 4 323 328 635 944 657 778 771 45 819 840 167 447 790 299 787 239 419 237 255 496 928 130 328 133 342 579 12 289 29 832 50 966 172 69 586 123 845
76
659 291 797 445 149 827 373 327 586 469 345 221 918 808 145 17 161 651 639 721 564 276 866 756 871 453 738 573 900 740 555 30 586 922 861 165 644 880 327 829 313 753 455 927 784 366 911 193 479 934 375 507 275 620 940 31 825 969 607 145 305 268 867 189 486 820 600 407 226 337 890 181 539 781 321 227
18
166 966 586 66 736 445 504 36 831 374 506 162 157 543 470 10 41 567
86
808 791 911 575 288 150 79 940 356 532 284 385 284 302 133 837 108 869 326 775 60 565 165 262 586 848 50 647 804 847 770 880 306 445 71 722 750 138 637 256 37 183 278 431 427 803 441 890 270 851 708 24 215 787 408 728 512 454 584 425 838 664 737 978 777 319 898 786 538 332 667 847 544 609 963 807 291 606 985 76 902 308 471 535 365 886
40
329 185 963 828 815 296 635 508 517 286 470 681 482 612 464 836 260 133 291 168 299 287 762 562 919 636 49 528 529 185 605 990 454 284 298 993 364 27 478 276
49
630 233 403 687 344 717 790 94 530 367 580 611 235 960 856 425 274 582 52 277 205 833 236 910 152 965 77 962 989 872 21 934 974 961 918 892 641 38 322 400 346 888 947 954 312 128 603 500 770
12
348 868 675 132 769 458 841 448 286 139 641 717
46
867 259 825 357 338 762 233 240 728 117 446 71 18 60 53 403 352 381 568 237 848 50 602 175 503 162 314 417 79 656 64 504 370 925 156 992 545 147 189 304 427 534 697 548 396 100
10
327 915 311 452 849 925 711 154 120 986
6
561 841 445 842 344 466
15
414 218 774 364 342 965 575 736 333 244 612 946 179 366 775
51
386 962 558 219 872 818 961 852 669 387 643 163 311 416 240 572 696 471 743 52 638 10 269 434 943 850 149 776 986 772 648 495 969 632 763 658 212 105 13 143 727 101 444 788 590 980 965 647 474 228 924
4
258 413 547 924
86
446 218 909 397 489 352 829 908 103 263 25 435 758 971 588 307 723 94 424 875 81 208 240 685 306 614 77 279 210 134 364 339 89 536 55 971 614 771 551 897 61 470 390 416 555 469 215 826 342 287 721 336 885 419 230 984 547 523 213 64 561 661 138 871 498 797 914 398 726 527 946 602 81 737 595 238 675 685 582 424 530 1000 864 151 534 464
26
822 82 65 705 829 55 544 294 424 339 110 521 297 614 302 41 535 96 134 1 392 338 715 590 861 633
22
990 613 307 233 155 821 832 275 994 84 338 267 425 190 856 900 457 74 371 650 783 554
81
67 664 588 261 732 812 339 22 280 167 351 550 981 103 87 732 383 998 614 506 434 132 897 532 490 141 965 982 366 327 413 951 160 596 278 265 111 732 817 185 990 110 394 411 844 793 84 249 251 329 832 462 109 733 573 243 489 671 398 683 474 905 850 328 166 248 581 335 638 516 568 424 663 243 58 581 408 68 390 677 445
98
145 152 954 526 998 499 411 917 163 792 750 110 902 745 654 59 713 825 468 991 515 623 515 9 883 350 873 333 96 444 353 233 593 833 778 884 977 244 607 611 759 380 78 486 935 700 242 93 484 688 307 256 57 400 504 861 360 936 6 683 751 286 254 305 374 219 34 217 978 204 514 738 431 791 502 679 146 599 490 141 477 101 720 247 219 222 768 140 414 808 514 774 322 309 272 241 178 902
19
223 723 708 378 5 290 334 211 839 668 567 550 938 793 483 35 535 130 820
69
641 674 264 372 605 488 45 123 957 607 759 806 637 650 969 688 263 154 508 489 811 972 989 996 742 818 6 751 946 45 859 391 38 552 458 850 941 591 13 649 430 510 949 53 897 634 129 152 747 795 570 751 328 29 657 969 620 675 893 801 331 10 99 568 785 376 782 895 46
64
450 29 640 322 947 771 905 643 61 487 607 328 467 736 416 203 613 942 186 866 741 459 40 930 501 644 490 721 679 600 474 383 168 204 536 207 496 296 940 46 322 594 191 426 570 388 872 174 301 941 712 202 393 25 613 687 72 415 709 279 597 827 945 513
7
712 686 870 142 333 104 732
35
595 556 399 911 629 16 281 999 118 945 978 999 119 719 778 435 519 491 542 479 374 41 627 412 871 394 384 392 165 308 797 473 685 500 207
79
750 944 378 263 628 493 856 341 878 888 137 662 560 371 446 416 697 561 126 545 936 73 998 694 677 509 242 949 244 503 638 453 581 867 491 110 827 800 182 593 770 468 74 748 381 876 749 343 88 380 75 710 739 243 616 261 959 519 885 883 426 56 419 859 856 190 444 633 411 611 524 943 174 643 254 458 932 508 920
95
634 424 311 221 105 812 19 619 8 696 122 998 377 931 991 541 486 985 559 573 202 329 204 256 602 909 838 72 651 439 453 133 496 244 701 28 971 598 426 814 111 4 826 419 209 844 532 247 863 122 841 29 886 902 91 58 691 894 359 383 450 847 24 607 84 19 171 238 216 267 725 274 351 129 844 654 627 912 558 564 102 577 683 493 100 231 441 209 450 986 612 208 897 788 339
64
739 645 997 749 756 390 198 792 49 826 404 32 211 932 535 346 236 770 694 186 280 341 570 46 638 661 654 528 797 119 85 663 489 657 946 538 708 664 254 231 494 944 299 581 558 102 291 21 957 434 60 478 91 202 497 660 525 351 878 98 567 33 180 751
30
913 603 547 108 127 262 827 76 520 390 99 618 325 735 106 313 129 451 263 134 24 474 483 375 430 777 870 352 953 800
73
941 23 532 20 142 113 196 196 452 339 848 797 250 131 757 235 89 914 193 634 64 212 120 320 301 597 270 95 408 610 927 420 699 173 615 358 566 719 187 336 222 177 707 229 834 454 571 462 693 192 864 929 39 114 245 104 844 695 990 974 539 176 470 379 75 967 738 350 186 52 946 927 903
38
361 372 597 214 942 47 101 631 442 457 550 874 236 347 129 370 683 840 769 284 425 978 196 911 460 49 482 68 973 630 44 963 374 826 304 610 240 163
24
14 451 357 417 946 688 769 115 619 560 114 280 655 424 75 864 492 635 801 181 593 13 42 104
94
64 122 484 110 445 500 952 125 215 720 408 738 108 891 133 784 73 19 474 723 849 730 896 207 519 298 162 49 669 509 295 949 987 924 351 876 977 472 553 750 861 830 963 72 383 680 505 597 292 807 137 889 499 743 367 83 502 708 256 940 539 439 673 225 291 255 360 139 223 252 381 42 271 964 34 275 994 86 540 377 98 102 50 984 72 355 60 668 394 775 88 41 508 991
8
829 847 747 118 665 144 223 963
58
112 331 976 723 427 273 567 835 319 809 563 131 947 162 885 10 877 441 805 639 677 69 250 315 816 16 467 372 127 263 493 790 330 709 394 948 930 261 25 54 720 97 742 809 379 105 494 995 128 187 597 204 146 662 836 686 837 432
52
183 246 263 909 502 132 445 21 774 987 794 246 621 303 4 152 282 756 225 608 924 279 334 52 965 245 894 989 275 121 333 906 430 7 698 948 908 427 286 285 966 518 564 21 745 899 419 142 443 679 855 461
74
890 590 758 319 176 628 515 984 943 753 175 799 420 952 7 606 71 347 351 828 302 510 10 231 805 919 59 510 878 37 4 276 732 889 791 908 909 261 110 65 599 457 613 268 14 601 51 26 272 274 97 70 984 880 374 266 260 876 118 458 135 441 97 654 415 488 485 920 77 784 311 954 900 35
56
30 82 338 36 399 622 109 316 737 880 55 445 453 256 463 171 707 71 578 163 554 592 456 471 631 471 837 467 376 269 563 535 823 812 495 130 424 750 626 146 969 276 38 95 836 434 581 879 306 52 587 744 802 599 287 960
93
329 607 597 808 180 442 326 486 16 479 181 190 132 290 74 682 241 67 889 840 565 440 417 552 538 135 382 437 59 641 151 664 768 564 521 403 245 140 108 80 950 702 68 716 201 613 772 879 581 79 712 50 769 768 768 728 282 405 305 936 7 205 92 598 567 552 98 860 98 1000 853 540 46 162 518 910 623 535 311 314 695 897 533 608 10 3 859 676 435 433 562 419 515
93
76 136 569 836 68 671 264 226 944 118 949 110 356 514 747 231 583 54 285 849 827 731 928 398 130 710 810 589 816 544 51 117 447 145 223 67 147 849 935 20 465 870 371 547 994 577 689 280 209 787 695 701 979 422 417 786 945 489 795 187 27 449 385 814 639 208 941 466 968 290 768 143 121 889 184 190 308 312 126 969 770 793 352 894 633 267 186 58 931 261 997 361 928
